"totalAcc","totalPert","totalAccNorm","totalPertNorm","pPert","pAcc","pORA","pComb","pPert.fdr","pAcc.fdr","pORA.fdr","pComb.fdr"
"path:hsa05010",17.9071588984014,129.196529055578,0.581027083065059,3.27774080571792,0.00497512437810945,0.557213930348259,1.69329175770889e-05,1.45653047709275e-06,0.0140089028541503,0.694797616854002,0.00369137603180539,0.000311697522097849
"path:hsa05110",21.2821828889441,84.1897331965331,5.46463357217284,6.0188764470908,0.00497512437810945,0.00497512437810945,0.000112273632750964,8.60087324807539e-06,0.0140089028541503,0.0324185523992939,0.0122378259698551,0.000920293437544067
"path:hsa04145",0,102.937990035586,NA,6.75086347430504,0.00497512437810945,NA,0.000242494176227376,1.7647589404903e-05,0.0140089028541503,NA,0.016599259068062,0.00125886137754975
"path:hsa04722",60.0857298792414,120.607094703498,1.92798032046219,3.20488419352722,0.00497512437810945,0.0597014925373134,0.000331286409465208,2.359522707074e-05,0.0140089028541503,0.114854299928927,0.016599259068062,0.00126234464828459
"path:hsa05100",67.5830916338602,132.08113396684,3.66227913396905,5.23045898795027,0.00995024875621891,0.0149253731343284,0.000458654495762439,6.06855625163025e-05,0.0199004975124378,0.0478559583037195,0.016599259068062,0.00188179181883843
"path:hsa05152",140.10374078342,233.840750465215,6.53372213477106,7.49602724039091,0.00497512437810945,0.00497512437810945,0.00108212734448849,7.06996934960695e-05,0.0140089028541503,0.0324185523992939,0.0214457964634992,0.00188179181883843
"path:hsa05418",82.4620939435691,152.233283969852,4.39197496152082,5.44639276591999,0.00497512437810945,0.00995024875621891,0.0011880050806005,7.70653853532044e-05,0.0140089028541503,0.0401990049751244,0.0215820922975758,0.00188179181883843
"path:hsa04932",26.5915667733986,110.04968972409,0.325576123741753,2.53634491329717,0.0149253731343284,0.716417910447761,0.000430569106716742,8.32546839979067e-05,0.0255522388059701,0.826950959488273,0.016599259068062,0.00188179181883843
"path:hsa03015",0,54.0725309089718,-0.703022081262234,3.07939827555776,0.00995024875621891,0.174129353233831,0.000682148766647854,8.75622482181938e-05,0.0199004975124378,0.272667669404913,0.016599259068062,0.00188179181883843
"path:hsa05016",4.18749988126639,123.288513567112,-0.130253949941451,3.71350596238464,0.00995024875621891,0.920398009950249,0.000685290511984209,8.79341971419827e-05,0.0199004975124378,0.94857345923444,0.016599259068062,0.00188179181883843
"path:hsa05131",179.743604068548,335.007121058411,5.94799205288079,8.23257724296848,0.00497512437810945,0.00497512437810945,0.00173105725767436,0.000109050818385038,0.0140089028541503,0.0324185523992939,0.0290284986286931,0.00205832048175911
"path:hsa05165",123.376539645195,223.04262306972,3.92514109892064,4.76695811905338,0.00497512437810945,0.00995024875621891,0.00193653110923993,0.000120914323135503,0.0140089028541503,0.0401990049751244,0.0291888871749067,0.00205832048175911
"path:hsa04390",74.278899182124,132.789921365509,3.46220345280072,4.19099211488461,0.00497512437810945,0.00995024875621891,0.00200840966799817,0.000125038160106862,0.0140089028541503,0.0401990049751244,0.0291888871749067,0.00205832048175911
"path:hsa04071",51.017088690939,117.665524361606,1.19859925342903,2.362731164192,0.0348258706467662,0.134328358208955,0.000536162151856816,0.000221985217146679,0.0460045451753578,0.217074626865672,0.016599259068062,0.00339320260495638
"path:hsa04015",52.6046822514934,142.410716912107,1.52632476849905,4.77194943574169,0.00497512437810945,0.0995024875621891,0.00523598875107195,0.000301017370690905,0.0140089028541503,0.170334766843747,0.0475602311555702,0.00429451448852358
"path:hsa04210",60.5814073060761,142.290494426977,1.13918135204673,2.98349103774991,0.0149253731343284,0.228855721393035,0.00285067537001322,0.000470782313177452,0.0255522388059701,0.327864224974419,0.0388404519164302,0.0060011708478456
"path:hsa04141",7.43936739912189,123.805839097671,-0.421990514932653,4.93464341844916,0.00497512437810945,0.681592039800995,0.00875904020896442,0.00048113598968669,0.0140089028541503,0.791273517470121,0.0578627504713407,0.0060011708478456
"path:hsa05163",151.393301497451,261.118117465259,4.59071231409914,6.17045074729513,0.00497512437810945,0.00497512437810945,0.00944194703984967,0.000515121531911647,0.0140089028541503,0.0324185523992939,0.0595852639586406,0.0060011708478456
"path:hsa04218",146.969256493617,241.864349213565,5.49862153494109,7.34647377506493,0.00497512437810945,0.00497512437810945,0.00985807783145337,0.000535708988928534,0.0140089028541503,0.0324185523992939,0.0596961379793565,0.0060011708478456
"path:hsa05012",33.7033898700753,113.306780857127,2.376482845668,3.16370891862836,0.0149253731343284,0.0447761194029851,0.00363908247056568,0.00058772356818283,0.0255522388059701,0.0962210225468403,0.0400326364345621,0.0060011708478456
"path:hsa05120",23.2900532582172,66.719176633047,2.22498877706108,3.25616572612709,0.0149253731343284,0.0298507462686567,0.00367271893895065,0.000592651616507439,0.0255522388059701,0.0726488041719115,0.0400326364345621,0.0060011708478456
"path:hsa05212",33.9516333957934,74.7606930902594,2.14964041990994,3.02909302993957,0.0199004975124378,0.0497512437810945,0.00328340714006898,0.00069496394147331,0.0310854486690634,0.104684908789386,0.039765708696391,0.0060011708478456
"path:hsa01522",89.3706490345124,147.937016175065,2.99702015227451,4.05853307429625,0.00995024875621891,0.0149253731343284,0.00677879326357336,0.000715254685631985,0.0199004975124378,0.0478559583037195,0.0533213784139717,0.0060011708478456
"path:hsa04931",75.2960726682229,117.056006366901,4.19259851892943,4.13120848408061,0.00497512437810945,0.00497512437810945,0.0137633904238979,0.000725080605340786,0.0140089028541503,0.0324185523992939,0.0761700314251129,0.0060011708478456
"path:hsa05160",83.2778167795166,141.596582457242,3.0576325951424,3.35579375900045,0.0149253731343284,0.0149253731343284,0.0046234099648301,0.000730175506854081,0.0255522388059701,0.0478559583037195,0.0475602311555702,0.0060011708478456
"path:hsa04810",44.5626656811355,133.808896241391,1.18419732594467,4.05617446306969,0.00995024875621891,0.213930348258706,0.00697463861055709,0.000733942434938489,0.0199004975124378,0.313144422813469,0.0533213784139717,0.0060011708478456
"path:hsa05323",1.15189274203902,47.2763442750621,-0.167278354801583,5.00071483441447,0.00497512437810945,0.845771144278607,0.0147385025065775,0.000771432058562016,0.0140089028541503,0.903945879070257,0.0767108367151647,0.0060011708478456
"path:hsa05135",85.5272812809332,150.056580398172,3.58781043884331,4.65559041396664,0.00497512437810945,0.0149253731343284,0.0150294710698301,0.000785199924017181,0.0140089028541503,0.0478559583037195,0.0767108367151647,0.0060011708478456
"path:hsa05200",121.182720249788,287.546342988276,3.7650952454384,6.8283215258386,0.00497512437810945,0.00497512437810945,0.0169326224419333,0.000874584110508279,0.0140089028541503,0.0324185523992939,0.0823372323133052,0.00625987000657501
"path:hsa05164",34.3227432314628,125.976299985332,0.415921554998665,3.47059017323373,0.00497512437810945,0.676616915422886,0.016996217679352,0.000877551870080609,0.0140089028541503,0.790038248066028,0.0823372323133052,0.00625987000657501
"path:hsa04014",62.6399700322049,126.317631095448,2.02313312353968,3.44108771128671,0.00497512437810945,0.0398009950248756,0.0183132716891474,0.000938754174746357,0.0140089028541503,0.0903348426407289,0.0856437664132679,0.00638713317416034
"path:hsa03013",0.123113212160421,116.612939979975,-1.60798087869756,7.94604900162715,0.00497512437810945,0.0895522388059701,0.0186664689397732,0.000955085334453883,0.0140089028541503,0.158680282796544,0.0856437664132679,0.00638713317416034
"path:hsa04217",66.362228916646,147.533759884638,3.77703153149864,5.78555836506116,0.00497512437810945,0.00995024875621891,0.0204784225134058,0.00103835672387362,0.0140089028541503,0.0401990049751244,0.0892859221584492,0.00673358602754411
"path:hsa05416",6.90487242224852,44.042613082294,0.31897105984504,3.26417632509241,0.0149253731343284,0.73134328358209,0.00779890092915036,0.00117082048756735,0.0255522388059701,0.834640357534362,0.0548438839533799,0.00736928189233565
"path:hsa05166",62.7192278797107,178.158854876372,1.7651694832624,4.52628104832389,0.00497512437810945,0.0696517412935323,0.0249139780840815,0.00123895988040677,0.0140089028541503,0.12790592492085,0.093599936413195,0.00757535469734427
"path:hsa05223",51.2537313868812,98.505571784306,2.04327466657655,3.09170416714303,0.0199004975124378,0.054726368159204,0.00677879326357336,0.0013370028749805,0.0310854486690634,0.111663902708679,0.0533213784139717,0.00792203906444133
"path:hsa04270",49.9430213712699,89.175373988051,3.54976175355719,4.46860379007778,0.00497512437810945,0.00995024875621891,0.0298081843746605,0.0014557482601318,0.0140089028541503,0.0401990049751244,0.101534128026187,0.00792203906444133
"path:hsa04919",22.9059576212793,92.0780269036158,0.344332926790728,2.72154077403017,0.0199004975124378,0.676616915422886,0.00745611592632044,0.00145646228324937,0.0310854486690634,0.790038248066028,0.0541811090645952,0.00792203906444133
"path:hsa04714",76.6349598376095,212.350795522806,2.27418975308897,4.57684692585275,0.00995024875621891,0.0447761194029851,0.0151310365997802,0.00147563966023506,0.0199004975124378,0.0962210225468403,0.0767108367151647,0.00792203906444133
"path:hsa04611",133.388326113926,203.214029216234,3.65313474587791,4.90504426757175,0.00497512437810945,0.00995024875621891,0.030601286289247,0.00149048332329447,0.0140089028541503,0.0401990049751244,0.102632006323936,0.00792203906444133
"path:hsa04150",109.306181275159,171.12259668936,1.90657046594244,2.65499175257459,0.0298507462686567,0.0597014925373134,0.00520434250471861,0.00151777383944904,0.0420267085624509,0.114854299928927,0.0475602311555702,0.00792203906444133
"path:hsa04915",33.8240630637951,93.4829400830605,0.754806684113611,2.53763669595239,0.0199004975124378,0.417910447761194,0.00808032060266793,0.00156546511684004,0.0310854486690634,0.548168249660787,0.0550471841056753,0.00796572385573826
"path:hsa05161",172.065347882583,266.882305627119,2.19607684327302,3.56909825774449,0.00497512437810945,0.0298507462686567,0.0331306418825077,0.00160058937288199,0.0140089028541503,0.0726488041719115,0.109431514096768,0.00796572385573826
"path:hsa05210",21.2304424547356,70.8963863814582,0.547142959334892,2.78035404534776,0.0149253731343284,0.611940298507463,0.0121234817315238,0.00174022694866888,0.0255522388059701,0.735785358919687,0.0714302437154645,0.00817912322130974
"path:hsa04666",52.4466282611053,109.755113301054,4.70910876387107,6.18571763914229,0.00497512437810945,0.00497512437810945,0.0374058586130893,0.00178454471691952,0.0140089028541503,0.0324185523992939,0.117540528036254,0.00817912322130974
"path:hsa04662",29.1772204147559,91.4555014179091,0.821893523592031,3.04807449367914,0.0199004975124378,0.373134328358209,0.00956644146124963,0.00182124190251157,0.0310854486690634,0.499159829989127,0.0595852639586406,0.00817912322130974
"path:hsa05132",40.7000282372852,104.279779061865,5.16126739979279,6.87927611421145,0.00497512437810945,0.00497512437810945,0.0385437092761751,0.00183308268199891,0.0140089028541503,0.0324185523992939,0.117540528036254,0.00817912322130974
"path:hsa05211",18.690473781767,47.8478544613427,1.8641194387471,2.58112865579494,0.00995024875621891,0.0597014925373134,0.0198024657456422,0.00187820112756128,0.0199004975124378,0.114854299928927,0.0881007659704081,0.00817912322130974
"path:hsa05220",43.8543066096561,83.4898726268176,1.94629599780548,2.6666706419952,0.0298507462686567,0.054726368159204,0.00683646232246432,0.00193809223842778,0.0420267085624509,0.111663902708679,0.0533213784139717,0.00817912322130974
"path:hsa04934",78.4317480689381,130.050945776547,4.92254587187781,5.76592575442212,0.00497512437810945,0.00497512437810945,0.0412823478407399,0.00194923030040559,0.0140089028541503,0.0324185523992939,0.119994024390417,0.00817912322130974
"path:hsa05142",73.0324872952437,142.164261865861,5.41211045720504,7.01176008291214,0.00497512437810945,0.00497512437810945,0.0412823478407399,0.00194923030040559,0.0140089028541503,0.0324185523992939,0.119994024390417,0.00817912322130974
"path:hsa04918",28.0609129890755,72.7603436967742,5.49706514800241,6.58849673178281,0.00497512437810945,0.00497512437810945,0.0425937777873273,0.00200452506142105,0.0140089028541503,0.0324185523992939,0.122176888916281,0.00824939159892508
"path:hsa05206",0,74.764720786565,NA,5.17266884486994,0.00497512437810945,NA,0.044428938666893,0.00208156632309767,0.0140089028541503,NA,0.124173187556188,0.00836220051164669
"path:hsa05214",44.1221043065782,78.7682276558028,2.87062967355066,3.46454219884176,0.00995024875621891,0.0149253731343284,0.0225553236216713,0.0021100879795744,0.0199004975124378,0.0478559583037195,0.0926922997927901,0.00836220051164669
"path:hsa04925",19.6458318275762,66.4835254587018,2.06025946953413,4.76448158110829,0.00995024875621891,0.0497512437810945,0.0248809839329563,0.00230336245798613,0.0199004975124378,0.104684908789386,0.093599936413195,0.00896217392743696
"path:hsa04721",0,28.4185366894285,NA,1.03542796017243,0.27363184079602,NA,0.000936315154532918,0.00237490589999403,0.292786069651741,NA,0.0204116703688176,0.00899316063564445
"path:hsa04144",0,137.390468221676,NA,7.11532966068763,0.00497512437810945,NA,0.0519951367921179,0.00239537456183053,0.0140089028541503,NA,0.136413265506517,0.00899316063564445
"path:hsa05205",71.5225758655146,145.190214972805,1.68894560300961,3.22423554996341,0.0199004975124378,0.0696517412935323,0.0135041671596748,0.0024782545265171,0.0310854486690634,0.12790592492085,0.0761700314251129,0.0091439046323217
"path:hsa04912",42.3694247063948,86.7693566892852,1.84709975705902,3.31222528677177,0.00995024875621891,0.0696517412935323,0.0297467990475576,0.00270094763270432,0.0199004975124378,0.12790592492085,0.101534128026187,0.00969726680738632
"path:hsa05140",22.9520246494345,66.0921320613091,1.88981298330321,3.56796765616314,0.00497512437810945,0.0646766169154229,0.0616348018410929,0.00278731386678625,0.0140089028541503,0.123251666197315,0.152613666204729,0.00969726680738632
"path:hsa04728",54.3374738352298,112.047315473604,4.68974645180686,5.59107545282938,0.00497512437810945,0.00995024875621891,0.0621860569452631,0.00280948851428949,0.0140089028541503,0.0401990049751244,0.152613666204729,0.00969726680738632
"path:hsa04935",144.382393208159,196.959808013996,5.199857191308,6.02824680169984,0.00497512437810945,0.00497512437810945,0.0621860569452631,0.00280948851428949,0.0140089028541503,0.0324185523992939,0.152613666204729,0.00969726680738632
"path:hsa05170",140.940800222226,220.811883188105,4.29891123129551,5.39609697607653,0.00497512437810945,0.00497512437810945,0.068407933709039,0.00305813120024349,0.0140089028541503,0.0324185523992939,0.162837243529637,0.0103879377278112
"path:hsa04114",52.636647715344,94.9366382115065,2.42232469177796,2.87823035273946,0.0298507462686567,0.0298507462686567,0.0139761525550666,0.00366381636378278,0.0420267085624509,0.0726488041719115,0.0761700314251129,0.0122084738941982
"path:hsa04072",104.947449792207,181.953199293242,6.16606463930713,7.88574063964431,0.00497512437810945,0.00497512437810945,0.0850038214920418,0.00370818132300412,0.0140089028541503,0.0324185523992939,0.189090133523113,0.0122084738941982
"path:hsa04933",37.1318710789388,89.9663386819684,2.14239701663168,4.27846376166675,0.00995024875621891,0.0248756218905473,0.0432528361822731,0.00376616010053379,0.0199004975124378,0.0679037246201425,0.122456081658903,0.0122114888108217
"path:hsa04657",6.06896858294594,52.4686346565893,0.673214486907892,3.81403324107326,0.00995024875621891,0.412935323383085,0.0499481810933789,0.00427761536604626,0.0199004975124378,0.545182583812961,0.133809557279269,0.0134347324286196
"path:hsa05162",36.8405584349156,93.5511332222228,1.48691264876581,3.49501356381937,0.00497512437810945,0.139303482587065,0.100362948090733,0.00429526808705647,0.0140089028541503,0.223327805417358,0.214501202782154,0.0134347324286196
"path:hsa04668",21.1497653189138,63.3205552409966,1.84456190457163,3.07250825258869,0.0199004975124378,0.0447761194029851,0.0253320928824702,0.00433175952137735,0.0310854486690634,0.0962210225468403,0.093599936413195,0.0134347324286196
"path:hsa04928",65.5517192219355,117.3200239417,3.53578028479832,4.62144925323244,0.00497512437810945,0.00995024875621891,0.105947489517352,0.00450572882395788,0.0140089028541503,0.0401990049751244,0.222122752949775,0.0137746566903855
"path:hsa05169",89.1784010642432,190.165139427288,3.8800380667168,5.9663734333633,0.00497512437810945,0.00995024875621891,0.11068853930806,0.00468324855380477,0.0140089028541503,0.0401990049751244,0.227642467633558,0.0137941412363338
"path:hsa05219",12.519944893226,49.0463503566971,-0.306998350776388,1.42855275707971,0.0796019900497512,0.761194029850746,0.00709321088993202,0.00478771738618805,0.0941150600588219,0.849509359280943,0.0533213784139717,0.0137941412363338
"path:hsa05225",20.9895716550752,94.7970794422201,-0.127324673540545,2.26922307777543,0.0248756218905473,0.865671641791045,0.022742655858697,0.00479597353084328,0.0374886132716698,0.910758706467662,0.0926922997927901,0.0137941412363338
"path:hsa04962",18.6291505495314,38.950595401564,5.86629900583001,5.26956739990148,0.00497512437810945,0.00497512437810945,0.114092528154151,0.00481007878519818,0.0140089028541503,0.0324185523992939,0.23029788090375,0.0137941412363338
"path:hsa04927",29.5012785178182,63.6297024341234,6.49188028312234,6.88530612409286,0.00497512437810945,0.00497512437810945,0.116319445344098,0.00489277778184105,0.0140089028541503,0.0324185523992939,0.230440721669894,0.0137941412363338
"path:hsa04151",68.8406739434671,148.949550755232,3.1785193564357,4.63112367631981,0.00497512437810945,0.00497512437810945,0.117128084749261,0.00492275477689605,0.0140089028541503,0.0324185523992939,0.230440721669894,0.0137941412363338
"path:hsa04670",42.8978003368713,102.08513324939,3.25298879240693,5.69650373137193,0.00497512437810945,0.0199004975124378,0.118223336511325,0.00496331250092384,0.0140089028541503,0.060907583295643,0.230440721669894,0.0137941412363338
"path:hsa04024",39.7227310492879,83.2076089356357,2.20778669875738,3.40141767706114,0.00995024875621891,0.0298507462686567,0.0686351166618114,0.0056609347513651,0.0199004975124378,0.0726488041719115,0.162837243529637,0.0153514194154391
"path:hsa05167",87.3817322867045,163.857179528673,1.94640138494318,3.45087055296073,0.00995024875621891,0.0447761194029851,0.0687203046088378,0.00566711277485836,0.0199004975124378,0.0962210225468403,0.162837243529637,0.0153514194154391
"path:hsa05130",135.219046109029,232.88799475688,2.71632377258932,4.01317958035586,0.00995024875621891,0.0248756218905473,0.0713222573822678,0.00585531218301968,0.0199004975124378,0.0679037246201425,0.163665811677204,0.0156629600895776
"path:hsa04730",18.358330582203,53.7684660896702,0.370778285479243,2.05532029127857,0.0398009950248756,0.746268656716418,0.0188573430634718,0.00615047067566821,0.0513097164778517,0.846889149756834,0.0856437664132679,0.0162493916616419
"path:hsa04625",43.9650488036725,101.379171155096,1.32211338449617,3.13759265690394,0.0149253731343284,0.119402985074627,0.0530400609252578,0.00644508020053816,0.0255522388059701,0.197700024467825,0.136413265506517,0.016820087352624
"path:hsa05134",10.56355051852,51.0337763568628,0.0928009322868814,2.29154109449199,0.0298507462686567,0.900497512437811,0.029322725499231,0.00703827505819612,0.0420267085624509,0.942489624416776,0.101534128026187,0.0179099474094665
"path:hsa04261",66.081196168919,108.329657746311,7.11648891581703,7.16555628873105,0.00497512437810945,0.00497512437810945,0.176844858656788,0.00707008794513686,0.0140089028541503,0.0324185523992939,0.303560466040786,0.0179099474094665
"path:hsa05145",33.7453882978802,85.0243168181384,2.18817749103317,3.64176719108701,0.00995024875621891,0.0298507462686567,0.0898633723871247,0.0071708490526289,0.0199004975124378,0.0726488041719115,0.195978572786126,0.0179099474094665
"path:hsa05031",28.9860338047244,64.7601746694556,4.41910011830946,5.19467665983111,0.00497512437810945,0.00995024875621891,0.180488824141926,0.00719745550100057,0.0140089028541503,0.0401990049751244,0.305517355838361,0.0179099474094665
"path:hsa05030",27.5846755639332,55.7398234931187,5.89187716670898,6.29647535277951,0.00497512437810945,0.00497512437810945,0.21479221179559,0.00837944927705018,0.0140089028541503,0.0324185523992939,0.345463065799188,0.0205529360794914
"path:hsa04650",77.5945410406837,127.184570436478,2.43094143206454,3.46555908677002,0.00995024875621891,0.0248756218905473,0.108457861204288,0.00845167464951049,0.0199004975124378,0.0679037246201425,0.22517917850033,0.0205529360794914
"path:hsa04923",27.4982944141675,50.1824678117299,4.86266061092159,5.18082465909693,0.00497512437810945,0.00995024875621891,0.220984987797511,0.00858979137907564,0.0140089028541503,0.0401990049751244,0.349092227100416,0.0206541051137324
"path:hsa04620",41.0735092118245,72.9827021340518,2.74986569849593,3.36889584077039,0.00995024875621891,0.0149253731343284,0.112174204770651,0.00870366903594019,0.0199004975124378,0.0478559583037195,0.228541837757026,0.0206953908187911
"path:hsa05203",0,104.518888684093,-1.19938669280989,7.57804535564963,0.00497512437810945,0.154228855721393,0.235912324591536,0.00909330505404629,0.0140089028541503,0.243392412935323,0.360986148589219,0.0212197981127364
"path:hsa04062",74.7997331778254,131.355926931404,3.36343067304064,4.10612058184556,0.00995024875621891,0.00995024875621891,0.118391563426735,0.00912253002977453,0.0199004975124378,0.0401990049751244,0.230440721669894,0.0212197981127364
"path:hsa04921",36.4632520101715,102.005575266581,1.05313694022031,3.28515689582264,0.0149253731343284,0.208955223880597,0.0806079704447029,0.0092913924471538,0.0255522388059701,0.313144422813469,0.183047266218179,0.0213801933730206
"path:hsa05133",16.9730947218522,46.7398102493363,2.22881683636048,3.78924545139889,0.00497512437810945,0.0398009950248756,0.251453076714505,0.00961251792794085,0.0140089028541503,0.0903348426407289,0.375457333724398,0.0218838174104185
"path:hsa05224",29.4663484494529,81.0082072434489,0.368973577185243,2.05899103062973,0.0447761194029851,0.626865671641791,0.0295972246356173,0.01010655327257,0.0563652326602283,0.74486391571554,0.101534128026187,0.0224790097400658
"path:hsa04911",27.1200837524271,55.2831935943665,6.69221695036507,6.76644934456899,0.00497512437810945,0.00497512437810945,0.270480466767063,0.010241736553429,0.0140089028541503,0.0324185523992939,0.393098278368132,0.0224790097400658
"path:hsa04068",29.2893447260068,82.9503628103463,0.611545296787312,2.44313771329515,0.0348258706467662,0.532338308457711,0.0388207248560105,0.010283314613231,0.0460045451753578,0.676304014518602,0.117540528036254,0.0224790097400658
"path:hsa04140",68.864279949614,113.315191463543,1.94072691076676,2.33542487821486,0.0298507462686567,0.054726368159204,0.0453456749741175,0.0102941259557311,0.0420267085624509,0.111663902708679,0.125131103093134,0.0224790097400658
"path:hsa04380",32.5805232804793,90.4316238951301,0.569772766786931,2.3262359388088,0.0348258706467662,0.502487562189055,0.0398126773733447,0.0105110920316909,0.0460045451753578,0.646512659631777,0.118892652977933,0.022575355147763
"path:hsa04926",62.927590518765,111.853712926208,1.86741983666526,3.05807564857627,0.0199004975124378,0.0597014925373134,0.0699634968434965,0.0105492313774594,0.0310854486690634,0.114854299928927,0.163665811677204,0.022575355147763
"path:hsa05150",0,22.0169744551238,-0.577545149326596,4.82754715886799,0.00497512437810945,0.243781094527363,0.283809150777826,0.0106785073449881,0.0140089028541503,0.346787190806531,0.399163837868168,0.0226257482359155
"path:hsa04971",18.4798172814081,51.6322761309246,4.79665919403116,5.79941372528731,0.00497512437810945,0.0149253731343284,0.295474464882218,0.0110582094171541,0.0140089028541503,0.0478559583037195,0.408929241591065,0.0232005570124606
"path:hsa04723",1.21391840522958,45.909617602331,-0.996766915950393,2.06783919593065,0.0597014925373134,0.333333333333333,0.0253320928824702,0.0113337771588566,0.072181465553588,0.454954954954955,0.093599936413195,0.0235478476892749
"path:hsa04152",36.9754001122376,84.6375291904153,1.69250819411129,2.84598370515569,0.0149253731343284,0.0696517412935323,0.105966817920993,0.0117818050229528,0.0255522388059701,0.12790592492085,0.222122752949775,0.0242433295664605
"path:hsa04910",55.6933080887645,117.993385901733,0.844067459640866,2.23741522898568,0.0348258706467662,0.343283582089552,0.0465063947031877,0.0120266280574409,0.0460045451753578,0.465391164980467,0.126729925566186,0.0244168270938742
"path:hsa04010",28.997200845314,107.370603939456,1.4905258136708,3.39405931426282,0.0199004975124378,0.0746268656716418,0.0819158021149163,0.0120943162240685,0.0310854486690634,0.135807449240285,0.184099431557235,0.0244168270938742
"path:hsa04612",1.75283244008972,54.6654435527333,-0.177986821535197,6.3456875043504,0.00497512437810945,0.840796019900497,0.33581933964585,0.0123542870220157,0.0140089028541503,0.903408489467556,0.45755385026747,0.0247085740440314
"path:hsa05222",24.8239228222911,61.588726247285,2.60495882015455,4.36579175344074,0.00995024875621891,0.0199004975124378,0.174640648251006,0.0127812323799075,0.0199004975124378,0.060907583295643,0.302156042212058,0.0253257752712982
"path:hsa04713",24.3132239313972,54.4299987917204,3.03700276557275,4.78134628351016,0.00497512437810945,0.0149253731343284,0.359692692311254,0.0131096536176813,0.0140089028541503,0.0478559583037195,0.481061392170879,0.0257382190292091
"path:hsa05218",32.4386952878845,62.7516730346931,0.817064178926628,1.74351224477489,0.0497512437810945,0.323383084577114,0.0371759530876123,0.0134884215240066,0.0615420009777701,0.447420432086145,0.117540528036254,0.0258965276602105
"path:hsa05235",63.1858471368105,111.246140403378,1.91489326984198,2.89236540247587,0.0149253731343284,0.0597014925373134,0.12409861891792,0.0135052106371977,0.0255522388059701,0.114854299928927,0.239411494903598,0.0258965276602105
"path:hsa05310",0,15.5341474473599,-0.816478823355845,2.6330404382741,0.0298507462686567,0.134328358208955,0.0623055793221139,0.0135533228875868,0.0420267085624509,0.217074626865672,0.152613666204729,0.0258965276602105
"path:hsa05202",1.08765166672818,92.8820892125368,0.746908285037546,9.05746262293402,0.00497512437810945,0.611940298507463,0.38164628571502,0.0137973030294852,0.0140089028541503,0.735785358919687,0.501064749151084,0.0261294057372552
"path:hsa04970",18.1182418543785,40.1694074498289,7.41387587626681,7.23244073112851,0.00497512437810945,0.00497512437810945,0.392879624849345,0.01414670968969,0.0140089028541503,0.0324185523992939,0.509808084625935,0.0265561041543304
"path:hsa04621",46.9734769641474,113.925389365109,2.27530003167262,4.03693761254185,0.0149253731343284,0.0298507462686567,0.140547687342903,0.0150341995338056,0.0255522388059701,0.0726488041719115,0.265147820923717,0.0279766843498643
"path:hsa04020",23.9308646848345,66.075878325024,4.51092838768182,6.01695993224567,0.00497512437810945,0.0149253731343284,0.44060074531436,0.0156137528772604,0.0140089028541503,0.0478559583037195,0.564294767472901,0.0288046820321872
"path:hsa01524",33.8640032974977,63.3912578880592,1.32440272603563,1.78318559950618,0.0597014925373134,0.104477611940299,0.0385437092761751,0.0162789313190398,0.072181465553588,0.177348551360843,0.117540528036254,0.0297751393356797
"path:hsa04115",20.7095460999293,53.1656183179159,2.51596627011242,3.88758416594622,0.00995024875621891,0.0298507462686567,0.241583261902103,0.0169004891056534,0.0199004975124378,0.0726488041719115,0.365730215935128,0.0300685752555212
"path:hsa04961",17.5721321950104,47.1146300284693,5.72560240461021,5.86160862715313,0.00497512437810945,0.00995024875621891,0.48326714942581,0.0169035081720226,0.0140089028541503,0.0401990049751244,0.599230835743736,0.0300685752555212
"path:hsa04924",19.6997463244177,42.3954456031547,5.67225047341551,6.05580168538132,0.00497512437810945,0.00497512437810945,0.486531458379089,0.0170013906818601,0.0140089028541503,0.0324185523992939,0.599230835743736,0.0300685752555212
"path:hsa05414",18.3838489277074,51.661949793612,7.28851824601305,7.91424074393513,0.00497512437810945,0.00497512437810945,0.486531458379089,0.0170013906818601,0.0140089028541503,0.0324185523992939,0.599230835743736,0.0300685752555212
"path:hsa05146",36.5022482982469,83.9348284782601,8.16543599071225,10.7635308505231,0.00497512437810945,0.00497512437810945,0.49658245346155,0.0173020954423133,0.0140089028541503,0.0324185523992939,0.608174016037179,0.0303495772512708
"path:hsa05332",0.0508634772524745,16.2914452309533,-0.426830495453618,3.75643730588488,0.00497512437810945,0.860696517412935,0.539690955635247,0.0185805755812922,0.0140089028541503,0.910758706467662,0.652377927404868,0.0323271802796466
"path:hsa04064",29.5376115496818,64.8846870218992,3.24786077429354,4.83104769334684,0.00497512437810945,0.0149253731343284,0.57969353080301,0.019751573560951,0.0140089028541503,0.0478559583037195,0.683873923274302,0.0340873930809961
"path:hsa04211",60.4859019743808,101.303697766016,3.99170814322308,4.90534952254629,0.00995024875621891,0.0149253731343284,0.296379909043066,0.0201310402789455,0.0199004975124378,0.0478559583037195,0.408929241591065,0.0342649147330511
"path:hsa04130",1.83524417397956,14.94764162841,-0.424301129040153,-0.102704058679037,0.930348258706468,0.621890547263682,0.00317788932549786,0.0201746694222637,0.930348258706468,0.743324796137655,0.039765708696391,0.0342649147330511
"path:hsa04979",0,22.3756148276825,-0.47639058019584,3.70826103182558,0.00497512437810945,0.213930348258706,0.600063677070202,0.0203425300622598,0.0140089028541503,0.313144422813469,0.690552309610798,0.0342779640419181
"path:hsa05320",0.0508634772524745,16.7972216946701,-0.874515491236783,2.80313661892222,0.0199004975124378,0.323383084577114,0.151691317240136,0.020536191431557,0.0310854486690634,0.447420432086145,0.277888295448317,0.0343013694811913
"path:hsa04913",18.3295837650185,37.2331843369789,6.47990333436253,6.58690221376317,0.00497512437810945,0.00497512437810945,0.611645717199495,0.0206769937526807,0.0140089028541503,0.0324185523992939,0.694472741403593,0.0343013694811913
"path:hsa05213",19.903782248424,59.2725881054363,0.0192797585473077,1.24200925814809,0.144278606965174,0.990049751243781,0.0218039570001591,0.0212711717577845,0.161652470631138,0.999950248756219,0.0926922997927901,0.0344119858728624
"path:hsa04110",153.463022856123,202.495870100322,5.25790472312463,5.94572154934329,0.00497512437810945,0.00497512437810945,0.637774898788137,0.021427570100354,0.0140089028541503,0.0324185523992939,0.706819967699055,0.0344119858728624
"path:hsa04530",43.4920480317268,90.9212607218331,2.85807043340676,4.17128982818172,0.00497512437810945,0.0199004975124378,0.638840504341563,0.0214580657158949,0.0140089028541503,0.060907583295643,0.706819967699055,0.0344119858728624
"path:hsa05032",16.8518902128759,41.7218531365266,4.73609181997839,6.97745268847329,0.00497512437810945,0.00497512437810945,0.638930829464241,0.021460650243308,0.0140089028541503,0.0324185523992939,0.706819967699055,0.0344119858728624
"path:hsa05168",66.3071268801276,200.893903423691,3.7207070355971,7.23230302670415,0.00497512437810945,0.0149253731343284,0.641974099102811,0.0215476920886148,0.0140089028541503,0.0478559583037195,0.706819967699055,0.0344119858728624
"path:hsa05144",1.15189274203902,39.9230667567485,1.3236115956579,8.10175554830285,0.00497512437810945,0.0945273631840796,0.656316234880923,0.0219569370239824,0.0140089028541503,0.164607994510208,0.718979593990157,0.034805811282461
"path:hsa04060",13.8938372296638,62.6931492027981,4.41014512983422,7.27833262186327,0.00497512437810945,0.00995024875621891,0.667265286829247,0.0222683107475997,0.0140089028541503,0.0401990049751244,0.720117982815722,0.0350398419116642
"path:hsa04066",58.0930471644632,101.064658715544,4.8733589366269,5.48800017722721,0.00497512437810945,0.00497512437810945,0.676573642445637,0.0225323220955672,0.0140089028541503,0.0324185523992939,0.726566768734723,0.035196473930302
"path:hsa04960",10.5904266596583,23.1104163458456,2.70607922979266,3.07330475246759,0.00995024875621891,0.0348258706467662,0.3418713649509,0.0227352229433552,0.0199004975124378,0.081800300821474,0.462906568691281,0.0352560703614349
"path:hsa04622",33.3764837195828,78.6178023144269,2.62177706399541,4.22809962149222,0.0149253731343284,0.0248756218905473,0.251453076714505,0.0247144278121515,0.0255522388059701,0.0679037246201425,0.375457333724398,0.0380495507323771
"path:hsa05410",0,23.2924181190069,NA,5.04453366496727,0.00497512437810945,NA,0.781973721770726,0.0254792678379366,0.0140089028541503,NA,0.827786069536005,0.0389468808379888
"path:hsa05014",12.5296700819527,43.0295366468654,0.535412479884256,2.31772012835058,0.0398009950248756,0.552238805970149,0.099216325442422,0.0258034161235344,0.0513097164778517,0.692871048484287,0.214150088578693,0.0391626315633785
"path:hsa04216",15.944682798464,43.6396161715208,5.44678839398996,6.99791331470118,0.00497512437810945,0.00995024875621891,0.816828983038291,0.0264377487264865,0.0140089028541503,0.0401990049751244,0.847946277630226,0.0398428044187895
"path:hsa04972",17.1357501858635,42.538444107738,5.42111115665894,5.03195752683967,0.00995024875621891,0.00995024875621891,0.44263488641223,0.0282985413116326,0.0199004975124378,0.0401990049751244,0.564294767472901,0.0423488660188069
"path:hsa04061",13.4678130352604,38.5216353196836,8.62146617025483,10.7766158429335,0.00497512437810945,0.00497512437810945,0.905648803692195,0.0288474312453717,0.0140089028541503,0.0324185523992939,0.918285763743714,0.0428704881007608
"path:hsa03018",0.38844177330066,39.1052830285588,-0.601131709225889,2.10906983851532,0.0298507462686567,0.562189054726368,0.159659190206923,0.0302459286685968,0.0420267085624509,0.696700546348014,0.285292651353353,0.0446388188626187
"path:hsa04929",0,18.6574593901343,NA,1.20799290531366,0.17910447761194,NA,0.0279177926686461,0.0314926553509135,0.198592529580079,NA,0.101434646696081,0.0461604674321609
"path:hsa04630",28.0621156609904,69.3667473383281,2.20621767161582,3.72918677417851,0.0149253731343284,0.0398009950248756,0.349864370229938,0.0326622009768998,0.0255522388059701,0.0903348426407289,0.470805140185966,0.0475490544833779
"path:hsa04917",25.361814286179,58.0693082081668,0.0430441394258251,1.11771826411844,0.213930348258706,0.970149253731343,0.0248809839329563,0.0331916681763819,0.234774843730068,0.984774619365484,0.093599936413195,0.0479933580388225
"path:hsa05034",53.2115229087762,112.880030107214,2.48905126855792,4.37018658359116,0.00995024875621891,0.0298507462686567,0.546127276393318,0.03377327671406,0.0199004975124378,0.0726488041719115,0.654152451943645,0.0485065853477103
"path:hsa04922",43.0254629825681,96.3991071828881,4.32994138175589,5.66558919309667,0.00995024875621891,0.0149253731343284,0.580351723879568,0.0355387684895296,0.0199004975124378,0.0478559583037195,0.683873923274302,0.0505406481453747
"path:hsa04012",17.2875301312923,48.917817354164,-0.04836734390653,0.856116118474517,0.253731343283582,0.970149253731343,0.0229604779303242,0.0358021782571822,0.272856821420536,0.984774619365484,0.0926922997927901,0.0505406481453747
"path:hsa04330",34.2552694350941,53.8617586991658,4.66972790711545,4.72538707699891,0.00995024875621891,0.00995024875621891,0.588683059548709,0.0359654601202551,0.0199004975124378,0.0401990049751244,0.689961865492573,0.0505406481453747
"path:hsa05020",16.3424018167693,26.5844774035772,2.61523665715626,2.76073787308784,0.0248756218905473,0.0248756218905473,0.236793666276414,0.0361342017114127,0.0374886132716698,0.0679037246201425,0.360986148589219,0.0505406481453747
"path:hsa04726",35.2128308473873,73.1984371251699,1.1471171626148,2.36873540325542,0.0398009950248756,0.124378109452736,0.149366024795998,0.0364139138143262,0.0513097164778517,0.204263236662217,0.275947401741758,0.0506011529627649
"path:hsa04976",18.3295837650185,40.1847240221644,7.48288226004141,7.29689864661416,0.00995024875621891,0.00995024875621891,0.605025188695699,0.0367990341606314,0.0199004975124378,0.0401990049751244,0.690552309610798,0.050806408454033
"path:hsa04213",32.3265412120877,59.0154157654954,2.4448161149256,3.18916013063683,0.0298507462686567,0.0298507462686567,0.204280440518266,0.0371961567994615,0.0420267085624509,0.0726488041719115,0.334835609270541,0.0510254971479793
"path:hsa04724",18.7130699114022,45.8845013768751,5.11001479918069,5.75391879754513,0.00995024875621891,0.00497512437810945,0.631458959548345,0.0381381108907315,0.0199004975124378,0.0324185523992939,0.706819967699055,0.0519844314052009
"path:hsa05321",104.379309707889,130.29341177928,2.13413322561134,2.37457865947322,0.0298507462686567,0.0348258706467662,0.21471756257636,0.0387772048180441,0.0420267085624509,0.081800300821474,0.345463065799188,0.0525210242472242
"path:hsa04940",0.0508634772524745,16.2914452309533,-0.508959943540787,3.06177019905581,0.0248756218905473,0.73134328358209,0.270480466767063,0.0403797892898369,0.0374886132716698,0.834640357534362,0.393098278368132,0.0543476409309755
"path:hsa05330",0.0508634772524745,16.7972216946701,-0.83395176758737,2.59925273513302,0.0398009950248756,0.45771144278607,0.191841036893127,0.0448579819652808,0.0513097164778517,0.596501364147007,0.319246916356501,0.059997550878563
"path:hsa04610",12.6799238964251,19.3205502544389,4.09385789227999,4.26775673196645,0.00995024875621891,0.00995024875621891,0.782219863873473,0.0455771662172832,0.0199004975124378,0.0401990049751244,0.827786069536005,0.0605808296304262
"path:hsa04360",41.2212424584632,80.9932347949935,1.50465600085552,2.28521034798158,0.0348258706467662,0.0796019900497512,0.228980575103281,0.0465030954402626,0.0460045451753578,0.142297362743803,0.359120614190758,0.0614300149642975
"path:hsa05412",1.35959246770083,19.9930037486173,0.689900466057916,3.12737388249254,0.0149253731343284,0.577114427860697,0.539456021791085,0.0468754000400367,0.0255522388059701,0.710836063584516,0.652377927404868,0.0615419362488825
"path:hsa05230",35.7482593861727,65.5125753799585,1.45745054651963,2.47804802753553,0.0298507462686567,0.0796019900497512,0.281600657572266,0.0485766241657323,0.0420267085624509,0.142297362743803,0.398629502277624,0.0629744527072585
"path:hsa04350",20.0470557570516,44.1813621359931,0.79113938033054,1.74081542307567,0.0597014925373134,0.407960199004975,0.141087831317207,0.0486586317394666,0.072181465553588,0.542157632888191,0.265147820923717,0.0629744527072585
"path:hsa05226",23.3382370040607,61.1086503314366,0.616860797426254,2.00995977866905,0.0447761194029851,0.467661691542289,0.189009197190517,0.0488493418196491,0.0563652326602283,0.605561933920143,0.316953884519482,0.0629744527072585
"path:hsa05143",0.0508634772524745,21.4513620306604,-0.929315691610359,6.52057692998098,0.00995024875621891,0.308457711442786,0.869353738231566,0.0497405533629662,0.0199004975124378,0.43269762299613,0.893636406830168,0.0637393917345795
"path:hsa05322",0,26.3121277410407,-0.902482143456024,3.3801956943228,0.0149253731343284,0.199004975124378,0.623587962151889,0.0528370553893006,0.0255522388059701,0.302248157707702,0.704363604917678,0.0673043443649424
"path:hsa01521",33.0854430631096,64.9348182081528,0.203891146386604,0.836541940888285,0.288557213930348,0.840796019900497,0.0338897552029274,0.0550321160497894,0.307220118313903,0.903408489467556,0.110268158719973,0.0696856380748812
"path:hsa04310",10.1288750945626,60.4997288722805,-0.138472946703414,2.35614787477101,0.0348258706467662,0.865671641791045,0.287152102282146,0.0560531845814575,0.0460045451753578,0.910758706467662,0.401276655753255,0.0705610676495995
"path:hsa04260",0,22.883615322119,NA,1.97237395674018,0.0497512437810945,NA,0.204280440518266,0.0568019686234342,0.0615420009777701,NA,0.334835609270541,0.0710855045930697
"path:hsa04340",46.3448498525681,59.1438220341975,2.0187631392836,1.99760815160331,0.0497512437810945,0.0447761194029851,0.236145378331836,0.0639592998143284,0.0615420009777701,0.0962210225468403,0.360986148589219,0.0795772683736411
"path:hsa04146",0,19.8130637694418,NA,3.14893145969752,0.0149253731343284,NA,0.803553377065574,0.0650446989278513,0.0255522388059701,NA,0.842185750962957,0.0804463813430607
"path:hsa04664",23.9929690408348,52.5806679051048,0.311531170788312,1.2808968068628,0.134328358208955,0.776119402985075,0.089898427883544,0.0654096745499653,0.151296150824823,0.861407249466951,0.195978572786126,0.0804463813430607
"path:hsa05231",17.4785400270334,47.7573136217125,0.591592431127415,1.77326720687478,0.0696517412935323,0.537313432835821,0.174640648251006,0.0657985264694559,0.0837386103191906,0.678358208955224,0.302156042212058,0.0804621980826489
"path:hsa05215",23.5892756284524,61.3898506750515,-0.104698541073451,1.36727245529251,0.104477611940299,0.920398009950249,0.125408117851612,0.0699005208737453,0.120855183541751,0.94857345923444,0.239815523610977,0.0849926787896675
"path:hsa04914",16.6984672229109,36.4976095839138,1.84797442774242,1.67168112499229,0.0796019900497512,0.0597014925373134,0.166902461419295,0.0706943941253857,0.0941150600588219,0.114854299928927,0.293425295075857,0.0854723183210877
"path:hsa04916",32.6575186199843,67.0653513992624,0.518864932036894,1.57612899530101,0.0845771144278607,0.606965174129353,0.159614291369144,0.0716171636695219,0.0989043851779355,0.735785358919687,0.285292651353353,0.085710216787151
"path:hsa04080",0,18.0579016191368,-0.680327270264832,3.74417278858021,0.0149253731343284,0.218905472636816,0.905648803692195,0.0716921906771029,0.0255522388059701,0.318121622105301,0.918285763743714,0.085710216787151
"path:hsa04920",21.1380915645614,43.6891111176323,2.67441844370309,3.50785013706194,0.0199004975124378,0.0248756218905473,0.810643502725239,0.0827088264549071,0.0310854486690634,0.0679037246201425,0.845551596144029,0.0979258378928746
"path:hsa04137",16.3931873178486,46.4604509368932,1.13835787546363,2.51313253620373,0.0348258706467662,0.189054726368159,0.464034205599043,0.0828251245729453,0.0460045451753578,0.289311020654304,0.588136376863904,0.0979258378928746
"path:hsa04659",38.2694386958791,84.7360069937774,0.776063388382259,1.96355080670442,0.0348258706467662,0.26865671641791,0.483471854964189,0.0856036193673565,0.0460045451753578,0.379501095919006,0.599230835743736,0.100654805190188
"path:hsa04392",5.2658396982752,10.1067189659595,1.12360951098673,1.11711381784498,0.238805970149254,0.213930348258706,0.0713202378296505,0.0863963405778294,0.258103422282527,0.313144422813469,0.163665811677204,0.100670412255676
"path:hsa04710",20.4638596443389,35.309400759747,3.40630197145013,3.65951723818191,0.0199004975124378,0.0248756218905473,0.859182909009695,0.0866669169592803,0.0310854486690634,0.0679037246201425,0.88768660741286,0.100670412255676
"path:hsa05221",15.50077085741,46.4004099778426,1.00148459521352,2.2905504228927,0.0447761194029851,0.213930348258706,0.383843179395555,0.08702816012757,0.0563652326602283,0.313144422813469,0.501064749151084,0.100670412255676
"path:hsa04672",0.375160717150907,15.351170853437,-0.916274313983123,1.84688365434387,0.054726368159204,0.333333333333333,0.322906753349688,0.0889902328829792,0.0673071424486762,0.454954954954955,0.442727498303346,0.102386612026654
"path:hsa04370",22.2061567805033,49.4267463595186,0.296457390973357,1.34326078077687,0.119402985074627,0.756218905472637,0.149366024795998,0.0896482667742753,0.135197030719419,0.848645660585959,0.275947401741758,0.102592134169492
"path:hsa04540",24.7696906498668,58.5938371600414,0.835925268607782,2.00882790862167,0.0348258706467662,0.18407960199005,0.541653233304042,0.0937617059352852,0.0460045451753578,0.283847935893054,0.652377927404868,0.106728750373144
"path:hsa03460",8.91874360597851,21.1951720424028,2.84157817759875,2.89531823518808,0.0248756218905473,0.0248756218905473,0.793743807951725,0.0972407547471339,0.0374886132716698,0.0679037246201425,0.835923430596502,0.110103288443845
"path:hsa04658",760.092414896551,797.144246062741,2.65954169146888,2.74474263165084,0.0348258706467662,0.0348258706467662,0.57969353080301,0.0989763349539255,0.0460045451753578,0.081800300821474,0.683873923274302,0.111478608842842
"path:hsa04720",31.6740264173614,53.8312063203879,0.286062056920175,0.685109199550491,0.427860696517413,0.791044776119403,0.0503320353068809,0.104188344094604,0.448834260072188,0.868429591174562,0.133809557279269,0.11673458448296
"path:hsa03320",0.0356094198355564,6.20734800475666,-0.50968764595998,3.05395540992771,0.0248756218905473,0.791044776119403,0.996996026529378,0.116486721410774,0.0374886132716698,0.868429591174562,0.998512138893118,0.129834158239092
"path:hsa04215",15.6556024202695,25.2676844295492,0.685248890317871,0.616541292154754,0.557213930348259,0.522388059701492,0.0531886585690548,0.133923275201258,0.578853306284113,0.667863215567731,0.136413265506517,0.148073387922978
"path:hsa05217",7.84326205803046,22.125159529141,0.937557009250889,2.01308584060086,0.0447761194029851,0.0945273631840796,0.664977801279516,0.134407356298442,0.0563652326602283,0.164607994510208,0.720117982815722,0.148073387922978
"path:hsa04022",15.6254005687656,52.5556059611338,0.0147272868093587,1.58918407288155,0.109452736318408,1,0.273387544990305,0.134926685256919,0.12592949232333,1,0.394691952370109,0.148073387922978
"path:hsa04510",37.260203217754,74.4244389171551,0.726933191454162,1.06198411672772,0.208955223880597,0.36318407960199,0.155534314692354,0.143860741569795,0.230496999538391,0.489087893864013,0.282554005024444,0.157072442326205
"path:hsa05216",7.11228910859378,31.14108664549,-0.138961715947444,1.55079783574834,0.0895522388059701,0.925373134328358,0.377132612735846,0.148199322047218,0.104153147306944,0.94885976210319,0.498272179250996,0.160988096030988
"path:hsa04660",29.0751401154321,73.9685940128953,-0.140757378844098,1.18826622876533,0.169154228855721,0.915422885572139,0.27825475667261,0.190915333604433,0.188536484245439,0.94857345923444,0.398629502277624,0.206342835309842
"path:hsa04930",7.35124736226539,14.6533744007911,1.49512582520858,1.58524703762509,0.0746268656716418,0.0995024875621891,0.664977801279516,0.198662432129557,0.0892187109147002,0.170334766843747,0.720117982815722,0.213636987315202
"path:hsa04371",25.8237580571483,61.6115713215451,0.00475411755560062,0.863972611814761,0.303482587064677,0.995024875621891,0.16569270879728,0.200639143908583,0.321511255603172,0.999975248137422,0.293425295075857,0.214683883982184
"path:hsa04973",3.31772439154008,10.8072839910587,1.26009632772885,1.42509592376003,0.0845771144278607,0.109452736318408,0.605025188695699,0.203281855615912,0.0989043851779355,0.18424543946932,0.690552309610798,0.216429438317439
"path:hsa04725",14.6710378356556,36.7635548509363,0.187775663707621,1.01961640030323,0.238805970149254,0.830845771144279,0.217010911679014,0.20521648080755,0.258103422282527,0.903408489467556,0.345463065799188,0.217407558875325
"path:hsa04727",0.0200848260745602,13.1052102824653,-1.34829095937003,1.31776696422544,0.114427860696517,0.114427860696517,0.593169649272229,0.250465049573621,0.130949530422753,0.191028329427244,0.690552309610798,0.264037047333768
"path:hsa04614",0,6.96531839046927,NA,0.474907064036632,0.552238805970149,NA,0.180787793133709,0.329885439903218,0.576483436476156,NA,0.305517355838361,0.346056294800435
"path:hsa04512",0,6.53683607800462,-0.865807537187978,1.13256013687367,0.218905472636816,0.17910447761194,0.469811129913782,0.336767514980795,0.239009036450401,0.278300803673938,0.592016337116789,0.351552430272635
"path:hsa01523",2.66075955319479,7.01488815156759,0.801510527019936,1.04625474756626,0.119402985074627,0.144278606965174,0.944900971901199,0.35899763388378,0.135197030719419,0.229482508716261,0.953650054974358,0.372939289568587
"path:hsa04744",2.07057392908669,5.85033709222529,-0.205469484272213,0.151015946858133,0.850746268656716,0.835820895522388,0.217102935846279,0.49666161250679,0.858772176851591,0.903408489467556,0.345463065799188,0.513456932736488
"path:hsa04740",3.7948130808352,9.60273458697069,-0.501242138003866,-0.241199425203345,0.805970149253731,0.582089552238806,0.236793666276414,0.506946377531441,0.821321961620469,0.712618724559023,0.360986148589219,0.521569830729464
"path:hsa04136",2.69530035714065,9.14487022380231,-0.407707853406376,-0.217118530679393,0.810945273631841,0.666666666666667,0.270480466767063,0.552115153227967,0.822475301219023,0.787524366471735,0.393098278368132,0.565323649716674
"path:hsa04623",5.97712970442388,17.0893696338359,0.271040738051459,0.134266689543073,0.900497512437811,0.756218905472637,0.281600657572266,0.601511961766149,0.904725200289632,0.848645660585959,0.398629502277624,0.612969332466457
"path:hsa04742",0,1.19383357915502,NA,0.468228507701289,0.398009950248756,NA,0.873140158967091,0.714823761783662,0.419576991887851,NA,0.893636406830168,0.724987132804283
"path:hsa03440",0,7.10897162039668,NA,0.501224151217076,0.592039800995025,NA,0.596220161182957,0.720559879370532,0.61206047059389,NA,0.690552309610798,0.727357614081575
"path:hsa04978",0,6.51860160940314,-0.503127222685608,0.383978536843518,0.651741293532338,0.223880597014925,0.742461937418347,0.835146876741951,0.670541523153463,0.323027718550107,0.793415207633332,0.839067754097547
"path:hsa03008",0,8.50203476698609,NA,0.31713238718352,0.766169154228856,NA,0.998512138893118,0.96993559731913,0.784498559832417,NA,0.998512138893118,0.96993559731913
"path:hsa04514",NA,NA,NA,NA,NA,NA,0.397535214584782,NA,NA,NA,0.512796904020607,NA
"path:hsa04520",NA,NA,NA,NA,NA,NA,0.372830687272609,NA,NA,NA,0.495592011130663,NA
"path:hsa04550",NA,NA,NA,NA,NA,NA,0.00501618640991052,NA,NA,NA,0.0475602311555702,NA
"path:hsa04750",NA,NA,NA,NA,NA,NA,0.260395898674271,NA,NA,NA,0.386165346333273,NA
